base) sapta@sapta:~/Dropbox/Saptarshi_Postdoc_Projects/Project_MSR/Codes_4/data_bool$ mamba activate work
(work) sapta@sapta:~/Dropbox/Saptarshi_Postdoc_Projects/Project_MSR/Codes_4/data_bool$ time python BoolOP_ResRel_gen.py 
for Rat 20382 

42 -> {'CA1': [], 'SUB': [1819, 1879, 1942, 2060, 2113], 'others': []}
55 -> {'CA1': [], 'SUB': [1836, 1896, 1959, 2019, 2076, 2129, 2170], 'others': []}
for Rat 24101 

0 -> {'CA1': [12902, 12904, 12910, 12912, 12916], 'SUB': [], 'others': []}
1 -> {'CA1': [12903, 12905, 12911, 12913, 12917], 'SUB': [], 'others': []}
2 -> {'CA1': [12627, 12629, 12631, 12633, 12634, 12646, 12648, 12650, 12960, 12962, 12964], 'SUB': [], 'others': []}
3 -> {'CA1': [12695, 12699, 12703, 12705, 12707, 12907, 12915, 12919, 12921, 12923, 12925], 'SUB': [], 'others': []}
4 -> {'CA1': [12696, 12700, 12704, 12706, 12708, 12906, 12914, 12918, 12920, 12922, 12924], 'SUB': [], 'others': []}
5 -> {'CA1': [12628, 12630, 12632, 12635, 12636, 12647, 12649, 12651, 12961, 12963, 12965], 'SUB': [], 'others': []}
6 -> {'CA1': [12698, 12702, 12710, 12712, 12714, 12715, 12909, 12927], 'SUB': [], 'others': []}
7 -> {'CA1': [12697, 12701, 12709, 12711, 12713, 12908, 12926], 'SUB': [], 'others': []}
9 -> {'CA1': [12638, 12653, 12658, 12665, 12670, 12674, 12681], 'SUB': [], 'others': []}
12 -> {'CA1': [12641, 12656, 12661, 12668, 12672, 12677, 12684, 12742, 12745, 12748, 12751, 12762, 12767, 12772, 12779, 12782, 12784], 'SUB': [], 'others': []}
13 -> {'CA1': [12716, 12718, 12719], 'SUB': [], 'others': []}
15 -> {'CA1': [12642, 12662, 12678, 12685, 12687, 12754, 12768, 12773, 12785, 12789, 12793, 12795, 12797, 12801, 12803, 12805, 12809, 12811, 12966, 12968, 12970, 12974, 12978, 12982, 12984, 12986, 12988, 12992, 12994], 'SUB': [], 'others': [12726, 12728]}
18 -> {'CA1': [12645, 12690, 12692, 12694, 12757, 12776, 12788, 12792, 12800, 12808, 12814, 12817, 12819, 12821, 12823, 12973, 12977, 12981, 12991, 12999, 13001, 13003, 13005, 13007], 'SUB': [], 'others': [12731]}
19 -> {'CA1': [12824, 12829, 12835, 12843, 12845, 12853, 12859, 12862, 12868, 12871], 'SUB': [], 'others': []}
20 -> {'CA1': [12825, 12830, 12836, 12844, 12846, 12854, 12860, 12863, 12869, 12872], 'SUB': [], 'others': []}
22 -> {'CA1': [12827, 12832, 12838, 12848, 12856, 12865, 12874, 12883, 12886, 12889, 12891, 12895], 'SUB': [], 'others': []}
23 -> {'CA1': [12828, 12833, 12839, 12849, 12857, 12866, 12875, 12880, 12884, 12887, 12892, 12896], 'SUB': [], 'others': []}
25 -> {'CA1': [12834, 12840, 12850, 12858, 12867, 12876, 12881, 12893, 12897], 'SUB': [], 'others': []}
26 -> {'CA1': [12841, 12851, 12877, 12894, 12898, 12900], 'SUB': [], 'others': [12732, 12734, 12736]}
for Rat 21012 

0 -> {'CA1': [6034, 6112], 'SUB': [], 'others': []}
6 -> {'CA1': [6033, 6074, 6117, 6184, 6229, 6270, 6285], 'SUB': [6317, 6331, 6344, 6359], 'others': []}
7 -> {'CA1': [6075, 6118, 6185, 6230, 6271, 6286], 'SUB': [6318, 6360], 'others': []}
8 -> {'CA1': [6076, 6119, 6186, 6231, 6272, 6287, 6301], 'SUB': [6319, 6332, 6345, 6361], 'others': []}
10 -> {'CA1': [5934, 5947, 5960, 5973, 5986, 5997, 6233, 6288, 6303, 6311], 'SUB': [4888, 4940, 4983, 5063, 5255, 5310, 5368, 5423, 5479, 5518, 5557, 5567, 5614, 5643, 5684, 5728, 5820, 6320, 6346], 'others': []}
Duplicate! nREC= 10  loc:  SUB  units:  (5479, 5518)
11 -> {'CA1': [5935, 5948, 5961, 5974, 5987, 5998, 6187, 6234, 6289, 6312], 'SUB': [4889, 4941, 4984, 5064, 5158, 5256, 5311, 5369, 5424, 5480, 5519, 5558, 5568, 5615, 5644, 5685, 5729, 5821, 6321, 6333, 6347], 'others': []}
Duplicate! nREC= 11  loc:  SUB  units:  (5480, 5519)
12 -> {'CA1': [5936, 5949, 5962, 5975, 5988, 5999, 6188, 6235, 6290, 6313], 'SUB': [5065, 5159, 5257, 5312, 5370, 5425, 5481, 5520, 5559, 5569, 5616, 5645, 5686, 5730, 5775, 5822, 6322, 6334, 6348], 'others': []}
Duplicate! nREC= 12  loc:  SUB  units:  (5481, 5520)
14 -> {'CA1': [5938, 5951, 5964, 5977, 6079, 6190, 6237, 6292, 6315], 'SUB': [4890, 5067, 5119, 5161, 5259, 5314, 5427, 5483, 5522, 5561, 5571, 5618, 5647, 5688, 5732, 5777, 5824, 6324, 6336, 6350], 'others': []}
Duplicate! nREC= 14  loc:  SUB  units:  (5483, 5522)
37 -> {'CA1': [6061, 6102, 6142, 6158, 6175], 'SUB': [4865, 4870, 4875, 4880, 4912, 5003, 5089, 5142, 5177, 5208, 5282, 5337, 5392, 5449, 5506, 5545, 5564, 5591, 5620, 5661, 5707, 5752, 5799, 5842, 5866, 5890], 'others': []}
Duplicate! nREC= 37  loc:  SUB  units:  (5506, 5545)
38 -> {'CA1': [6062, 6103, 6143, 6159, 6176], 'SUB': [4866, 4871, 4876, 4881, 4913, 4960, 5004, 5090, 5143, 5178, 5209, 5283, 5338, 5393, 5450, 5507, 5546, 5565, 5592, 5621, 5662, 5708, 5753, 5800, 5843, 5867, 5891], 'others': []}
Duplicate! nREC= 38  loc:  SUB  units:  (5507, 5546)
39 -> {'CA1': [6063, 6104, 6144, 6160, 6177], 'SUB': [4867, 4872, 4877, 4882, 4914, 4961, 5005, 5091, 5144, 5210, 5284, 5339, 5394, 5451, 5508, 5547, 5566, 5593, 5622, 5663, 5709, 5754, 5801, 5844, 5868, 5892], 'others': []}
Duplicate! nREC= 39  loc:  SUB  units:  (5508, 5547)
40 -> {'CA1': [6064, 6105, 6145, 6161, 6178, 6199], 'SUB': [4915, 4962, 5006, 5046, 5092, 5145, 5179, 5211, 5285, 5340, 5395, 5452, 5594, 5623, 5664, 5710, 5755, 5802, 5845, 5869, 5893], 'others': []}
45 -> {'CA1': [6069, 6110, 6150, 6166, 6204, 6248, 6281], 'SUB': [4920, 4967, 4985, 5011, 5051, 5097, 5150, 5184, 5216, 5345, 5400, 5457, 5599, 5628, 5669, 5714, 5760, 5805, 5850, 5874, 5898, 5912, 5930], 'others': []}
Duplicate! nREC= 45  loc:  SUB  units:  (4985, 5011)
Duplicate! nREC= 45  loc:  CA1  units:  (6069, 6248)
47 -> {'CA1': [6206, 6250, 6283], 'SUB': [4922, 4969, 4987, 5013, 5053, 5099, 5152, 5186, 5218, 5236, 5289, 5347, 5402, 5459, 5601, 5630, 5671, 5716, 5762, 5807, 5852, 5876, 5900, 5914, 5932], 'others': []}
Duplicate! nREC= 47  loc:  SUB  units:  (4987, 5013)
48 -> {'CA1': [6207, 6251], 'SUB': [4923, 4988, 5014, 5054, 5100, 5153, 5187, 5219, 5237, 5290, 5348, 5403, 5602, 5631, 5672, 5717, 5763, 5808, 5853, 5877, 5901, 5915, 5933], 'others': []}
Duplicate! nREC= 48  loc:  SUB  units:  (4988, 5014)
49 -> {'CA1': [6208, 6252], 'SUB': [4883, 4924, 4993, 5015, 5055, 5101, 5154, 5188, 5220, 5238, 5291, 5349, 5404, 5460, 5603, 5632, 5673, 5718, 5764, 5809, 5854, 5878, 5902, 5916], 'others': []}
Duplicate! nREC= 49  loc:  SUB  units:  (4993, 5015)
Duplicate! nREC= 49  loc:  SUB  units:  (5220, 5404)
50 -> {'CA1': [6209, 6253], 'SUB': [4925, 4994, 5016, 5056, 5102, 5155, 5189, 5221, 5239, 5292, 5350, 5405, 5461, 5509, 5548, 5604, 5633, 5674, 5719, 5765, 5810, 5855, 5879, 5903, 5917], 'others': []}
Duplicate! nREC= 50  loc:  SUB  units:  (4994, 5016)
Duplicate! nREC= 50  loc:  SUB  units:  (5509, 5548)
51 -> {'CA1': [6210, 6254], 'SUB': [4884, 4926, 5017, 5057, 5103, 5156, 5190, 5222, 5240, 5293, 5351, 5406, 5462, 5510, 5549, 5605, 5634, 5675, 5720, 5766, 5811, 5856, 5880, 5904, 5918], 'others': []}
Duplicate! nREC= 51  loc:  SUB  units:  (5510, 5549)
52 -> {'CA1': [6211, 6255], 'SUB': [4885, 4927, 4970, 5018, 5058, 5104, 5157, 5191, 5223, 5241, 5294, 5352, 5407, 5463, 5511, 5550, 5606, 5635, 5676, 5721, 5767, 5812, 5857, 5881, 5905, 5919], 'others': []}
Duplicate! nREC= 52  loc:  SUB  units:  (5511, 5550)
53 -> {'CA1': [6212, 6256], 'SUB': [4886, 4928, 4971, 5019, 5059, 5105, 5192, 5242, 5295, 5353, 5408, 5464, 5512, 5551, 5607, 5636, 5677, 5722, 5768, 5813, 5858, 5882, 5906, 5920], 'others': []}
Duplicate! nREC= 53  loc:  SUB  units:  (5512, 5551)
54 -> {'CA1': [6213, 6257], 'SUB': [4929, 4972, 5020, 5060, 5106, 5193, 5243, 5296, 5354, 5409, 5465, 5513, 5552, 5608, 5637, 5678, 5723, 5769, 5814, 5859, 5883, 5907, 5921], 'others': []}
Duplicate! nREC= 54  loc:  SUB  units:  (5513, 5552)
55 -> {'CA1': [6214], 'SUB': [4887, 4930, 4973, 4995, 5021, 5061, 5107, 5194, 5224, 5244, 5297, 5355, 5410, 5466, 5514, 5553, 5609, 5638, 5679, 5724, 5770, 5815, 5860, 5884, 5922], 'others': []}
Duplicate! nREC= 55  loc:  SUB  units:  (4995, 5021)
Duplicate! nREC= 55  loc:  SUB  units:  (5297, 5922)
Duplicate! nREC= 55  loc:  SUB  units:  (5514, 5553)
56 -> {'CA1': [6215], 'SUB': [4931, 4974, 4996, 5022, 5062, 5108, 5195, 5225, 5245, 5298, 5356, 5411, 5467, 5515, 5554, 5610, 5639, 5680, 5725, 5771, 5816, 5861, 5885, 5923], 'others': []}
Duplicate! nREC= 56  loc:  SUB  units:  (4996, 5022)
Duplicate! nREC= 56  loc:  SUB  units:  (5515, 5554)
58 -> {'CA1': [6217, 6258], 'SUB': [4933, 4976, 5024, 5110, 5197, 5227, 5247, 5300, 5358, 5413, 5469, 5517, 5556, 5612, 5641, 5682, 5727, 5773, 5818, 5863, 5887, 5925], 'others': []}
Duplicate! nREC= 58  loc:  SUB  units:  (5517, 5556)
59 -> {'CA1': [6218, 6259], 'SUB': [5037, 5111, 5198, 5228, 5248, 5301, 5359, 5414, 5470, 5613, 5642, 5683, 5774, 5819, 5864, 5888, 5926], 'others': []}
60 -> {'CA1': [6219, 6260], 'SUB': [4934, 4977, 5025, 5038, 5112, 5199, 5229, 5249, 5302, 5360, 5415, 5471], 'others': []}
61 -> {'CA1': [6220, 6261], 'SUB': [4935, 4978, 5026, 5039, 5113, 5200, 5230, 5250, 5303, 5361, 5416, 5472], 'others': []}
63 -> {'CA1': [6222, 6263], 'SUB': [5305, 5363, 5418, 5474], 'others': []}
64 -> {'CA1': [6223, 6264], 'SUB': [4937, 4980, 5041, 5115, 5202, 5232, 5252, 5306, 5364, 5419, 5475], 'others': []}
65 -> {'CA1': [6224, 6265], 'SUB': [4938, 4981, 5042, 5116, 5203, 5233, 5253, 5307, 5365, 5420, 5476], 'others': []}
66 -> {'CA1': [6225, 6266], 'SUB': [5308, 5366, 5421, 5477], 'others': []}
67 -> {'CA1': [6226, 6267], 'SUB': [5309, 5367, 5422, 5478], 'others': []}
68 -> {'CA1': [6227, 6268], 'SUB': [4939, 4982, 5117, 5204, 5234, 5254], 'others': []}
for Rat 22295 

3 -> {'CA1': [9803, 9836, 9849, 9876, 9886, 9896, 9900, 9909, 9913, 9917, 9921], 'SUB': [10028, 10032, 10036, 10080, 10121, 10130, 10140, 10160, 10163, 10201], 'others': []}
9 -> {'CA1': [9817, 9830, 9842, 9855, 9866, 9882, 9892, 9906, 9926, 9931, 9936, 9941], 'SUB': [10086, 10127, 10136, 10146, 10178, 10206, 10208, 10210, 10220], 'others': []}
14 -> {'CA1': [9822, 9831, 9847, 9860, 9871, 9946, 9950, 9954, 9958], 'SUB': [10042, 10046, 10050, 10091, 10095, 10099, 10175, 10183, 10189, 10191, 10218, 10225, 10228, 10232], 'others': []}
Duplicate! nREC= 14  loc:  SUB  units:  (10175, 10191)
20 -> {'CA1': [9964, 9976, 9992, 10001, 10014], 'SUB': [10054, 10056, 10060, 10109, 10196, 10257, 10265, 10272, 10280, 10284, 10288, 10292, 10295], 'others': []}
22 -> {'CA1': [9966, 9978, 9994, 10003, 10016], 'SUB': [10058, 10062, 10111, 10259, 10267, 10274, 10282, 10286, 10290, 10294], 'others': []}
26 -> {'CA1': [9970, 9982, 10007, 10020], 'SUB': [10066, 10070, 10074, 10078, 10115, 10119, 10263, 10270, 10278], 'others': []}
for Rat 20630 

3 -> {'CA1': [], 'SUB': [2855, 2876, 2898, 2918, 2926, 2942, 2955], 'others': []}
8 -> {'CA1': [], 'SUB': [2838, 2859, 2880, 2903, 2931, 2947, 2960], 'others': []}
9 -> {'CA1': [], 'SUB': [2840, 2861, 2882, 2904, 2933, 2949, 2962], 'others': []}
10 -> {'CA1': [], 'SUB': [2841, 2862, 2883, 2905, 2934, 2950, 2963], 'others': []}
11 -> {'CA1': [], 'SUB': [2863, 2884, 2906, 2935, 2951, 2964], 'others': []}
20 -> {'CA1': [], 'SUB': [2850, 2872, 2893, 2913, 2969, 2977, 2985], 'others': []}
for Rat 22098 

0 -> {'CA1': [8615], 'SUB': [8487, 8685, 8689], 'others': []}
2 -> {'CA1': [], 'SUB': [8488, 8490, 8682, 8688, 8692, 8695, 8697, 8699, 8701, 8703], 'others': []}
Duplicate! nREC= 2  loc:  SUB  units:  (8682, 8692)
Duplicate! nREC= 2  loc:  SUB  units:  (8682, 8695)
Duplicate! nREC= 2  loc:  SUB  units:  (8692, 8695)
5 -> {'CA1': [], 'SUB': [8452, 8456, 8494, 8499, 8501], 'others': []}
12 -> {'CA1': [], 'SUB': [8464, 8469, 8513, 8521, 8533, 8740, 8749, 8758, 8763], 'others': []}
17 -> {'CA1': [], 'SUB': [8408, 8474, 8478, 8481, 8483, 8485, 8538, 8542, 8546, 8754, 8768, 8772, 8776, 8780], 'others': []}
21 -> {'CA1': [8621], 'SUB': [8554, 8567, 8572, 8575, 8578, 8710, 8715, 8786, 8790, 8794, 8799, 8803], 'others': []}
Duplicate! nREC= 21  loc:  SUB  units:  (8786, 8799)
22 -> {'CA1': [8623], 'SUB': [8556, 8569, 8574, 8577, 8580, 8712, 8717, 8720, 8788, 8792, 8796, 8801, 8805], 'others': []}
23 -> {'CA1': [8624], 'SUB': [8557, 8570, 8581, 8713, 8718, 8721, 8789, 8793, 8797, 8802, 8806], 'others': []}
25 -> {'CA1': [], 'SUB': [8411, 8559, 8723, 8728, 8808, 8813, 8818, 8823, 8828], 'others': []}
37 -> {'CA1': [], 'SUB': [8838, 8848, 8858, 8862, 8867, 8893, 8900], 'others': []}
40 -> {'CA1': [], 'SUB': [8590, 8598, 8607, 8870, 8875, 8880, 8903, 8908, 8916, 8923], 'others': []}
46 -> {'CA1': [8630, 8634], 'SUB': [8595, 8604, 8613, 8888, 8913, 8921, 8928, 8933], 'others': []}
53 -> {'CA1': [8640, 8663], 'SUB': [8940, 8962, 8973], 'others': []}
55 -> {'CA1': [8643, 8666], 'SUB': [8943, 8953, 8965, 8976, 8988], 'others': []}
67 -> {'CA1': [8655, 8677], 'SUB': [9024, 9028], 'others': []}
for Rat 23783 

5 -> {'CA1': [], 'SUB': [11004, 11048], 'others': []}
7 -> {'CA1': [], 'SUB': [11002, 11008], 'others': []}
8 -> {'CA1': [], 'SUB': [11001, 11007], 'others': []}
10 -> {'CA1': [], 'SUB': [11010], 'others': []}
11 -> {'CA1': [], 'SUB': [11011, 11023, 11035, 11050, 11062], 'others': []}
15 -> {'CA1': [], 'SUB': [11015, 11027, 11039, 11054, 11066, 11073], 'others': []}
21 -> {'CA1': [], 'SUB': [11021, 11033, 11045, 11060, 11072, 11079], 'others': []}
for Rat 24116 

0 -> {'CA1': [11528, 11559, 11569, 11576, 11578, 11581, 11583, 11585, 11588, 11590, 11592, 11594, 11650, 11673, 11676, 11679, 11744], 'SUB': [], 'others': []}
1 -> {'CA1': [11560, 11570, 11577, 11579, 11582, 11584, 11586, 11589, 11591, 11593, 11595, 11651, 11674, 11677, 11680, 11682, 11745], 'SUB': [], 'others': []}
2 -> {'CA1': [11561, 11571, 11580, 11587, 11652, 11675, 11678, 11681, 11683], 'SUB': [], 'others': []}
3 -> {'CA1': [11596, 11598, 11600, 11602, 11604, 11606, 11608, 11610, 11612, 11614, 11684], 'SUB': [], 'others': []}
4 -> {'CA1': [11597, 11599, 11601, 11603, 11605, 11607, 11609, 11611, 11613, 11615, 11685], 'SUB': [], 'others': []}
5 -> {'CA1': [11339, 11364, 11372, 11376, 11381, 11395, 11398, 11411, 11426, 11428, 11445, 11459, 11461, 11471, 11478, 11616, 11686, 11692, 11695, 11697, 11699, 11701, 11703, 11705], 'SUB': [], 'others': []}
6 -> {'CA1': [11340, 11365, 11377, 11396, 11412, 11427, 11429, 11446, 11460, 11462, 11479, 11617, 11687, 11693, 11696, 11698, 11700, 11702, 11704, 11706], 'SUB': [], 'others': []}
7 -> {'CA1': [11341, 11356, 11366, 11373, 11378, 11382, 11397, 11399, 11413, 11430, 11447, 11463, 11472, 11489, 11495, 11618, 11688, 11694, 11707, 11708, 11712], 'SUB': [], 'others': []}
8 -> {'CA1': [11342, 11357, 11367, 11379, 11383, 11400, 11414, 11431, 11448, 11464, 11480, 11490, 11496, 11504, 11519, 11619, 11689, 11709, 11713], 'SUB': [], 'others': []}
Duplicate! nREC= 8  loc:  CA1  units:  (11367, 11400)
9 -> {'CA1': [11343, 11358, 11368, 11384, 11401, 11415, 11449, 11465, 11481, 11505, 11520, 11522, 11620, 11690, 11710], 'SUB': [], 'others': []}
10 -> {'CA1': [11344, 11359, 11369, 11374, 11380, 11402, 11416, 11432, 11450, 11466, 11482, 11506, 11521, 11529, 11621, 11691, 11711], 'SUB': [], 'others': []}
11 -> {'CA1': [11345, 11370, 11375, 11385, 11403, 11417, 11433, 11451, 11473, 11483, 11497, 11507, 11530, 11622, 11626, 11628, 11714, 11715], 'SUB': [], 'others': []}
12 -> {'CA1': [11346, 11371, 11386, 11404, 11418, 11434, 11452, 11474, 11484, 11498, 11508, 11531, 11532, 11540, 11623, 11627, 11629, 11716], 'SUB': [], 'others': []}
13 -> {'CA1': [11347, 11387, 11405, 11419, 11435, 11453, 11475, 11485, 11499, 11509, 11533, 11541, 11545, 11624, 11630, 11717, 11722, 11724, 11727, 11729, 11737], 'SUB': [], 'others': []}
14 -> {'CA1': [11348, 11388, 11406, 11420, 11436, 11454, 11476, 11486, 11500, 11510, 11534, 11542, 11546, 11548, 11625, 11631, 11637, 11718, 11723, 11725, 11728, 11730, 11738], 'SUB': [], 'others': []}
15 -> {'CA1': [11349, 11389, 11407, 11421, 11437, 11455, 11467, 11477, 11487, 11501, 11511, 11523, 11535, 11543, 11547, 11632, 11638, 11643, 11653, 11658, 11739], 'SUB': [], 'others': []}
16 -> {'CA1': [11350, 11390, 11408, 11422, 11438, 11456, 11488, 11502, 11512, 11524, 11536, 11544, 11549, 11633, 11639, 11644, 11654, 11659, 11726, 11740], 'SUB': [], 'others': []}
17 -> {'CA1': [11351, 11360, 11391, 11423, 11439, 11491, 11513, 11537, 11550, 11634, 11645, 11655, 11660, 11719, 11731], 'SUB': [], 'others': []}
18 -> {'CA1': [11352, 11361, 11392, 11409, 11424, 11440, 11457, 11492, 11514, 11538, 11551, 11635, 11640, 11646, 11656, 11661, 11720, 11732], 'SUB': [], 'others': []}
19 -> {'CA1': [11353, 11362, 11393, 11410, 11425, 11441, 11458, 11493, 11503, 11515, 11539, 11552, 11636, 11641, 11647, 11657, 11721, 11733], 'SUB': [], 'others': []}
20 -> {'CA1': [11354, 11394, 11442, 11468, 11494, 11516, 11525, 11553, 11556, 11562, 11565, 11642, 11648, 11662, 11665, 11667, 11670, 11671, 11734, 11741], 'SUB': [], 'others': []}
21 -> {'CA1': [11355, 11363, 11443, 11469, 11517, 11526, 11554, 11557, 11563, 11566, 11567, 11572, 11574, 11663, 11666, 11668, 11672, 11735, 11742, 11746], 'SUB': [], 'others': []}
22 -> {'CA1': [11444, 11470, 11518, 11527, 11555, 11558, 11564, 11568, 11573, 11575, 11649, 11664, 11669, 11736, 11743, 11747], 'SUB': [], 'others': []}

real	874m15.682s
user	236m38.125s
sys	1m46.710s
(work) sapta@sapta:~/Dropbox/Saptarshi_Postdoc_Projects/Project_MSR/Codes_4/data_bool$ 


